% MATLAB code to produce arrays storing vital rates by year and site, means and variances of vital rates, 
% annual projection matrices by site and year, and mean matrices by site, for Silene acaulis in the
% Wrangell Mountains of southcentral Alaska, U.S.A.  After Morris, W.F., and D.F. Doak, 2004, Ecological Monographs.  

% Survival probabilities; 
% 25 rows==5 sites (CC, GU, PA, RG, and RI) with 5 years (1995-1999) nested within site; columns==s0 through s12
s =[0.2579    0.8630    0.6320    0.9000    0.9898    0.9898    0.9898    0.9898    0.9898    0.9898    0.9898    0.9898    0.9898
    0.2579    0.8190    0.6320    1.0000    1.0000    1.0000    1.0000    1.0000    1.0000    1.0000    1.0000    1.0000    1.0000
    0.2579    0.8836    0.6320    1.0000    0.9950    0.9950    0.9950    0.9950    0.9950    0.9950    0.9950    0.9950    0.9950
    0.2579    0.8309    0.6320    1.0000    1.0000    1.0000    1.0000    1.0000    1.0000    1.0000    1.0000    1.0000    1.0000
    0.2579    0.9185    0.6320    1.0000    0.9950    0.9950    0.9950    0.9950    0.9950    0.9950    0.9950    0.9950    0.9950
    0.2579    0.8630    0.6320    1.0000    1.0000    1.0000    1.0000    1.0000    1.0000    1.0000    1.0000    1.0000    1.0000
    0.2579    0.8190    0.6320    0.5714    0.9956    0.9956    0.9956    0.9956    0.9956    0.9956    0.9956    0.9956    0.9956
    0.2579    0.8836    0.6320    0.8889    0.9953    0.9953    0.9953    0.9953    0.9953    0.9953    0.9953    0.9953    0.9953
    0.2579    0.8309    0.6320    1.0000    1.0000    1.0000    1.0000    1.0000    1.0000    1.0000    1.0000    1.0000    1.0000
    0.2579    0.9185    0.6320    1.0000    1.0000    1.0000    1.0000    1.0000    1.0000    1.0000    1.0000    1.0000    1.0000
    0.1339    0.8195    0.3899    0.9300    0.9954    0.9954    0.9954    0.9954    0.9954    0.9954    0.9954    0.9954    0.9954
    0.1339    0.7467    0.3899    0.8877    0.9954    0.9954    0.9954    0.9954    0.9954    0.9954    0.9954    0.9954    0.9954
    0.1339    0.8144    0.3899    0.7667    1.0000    1.0000    1.0000    1.0000    1.0000    1.0000    1.0000    1.0000    1.0000
    0.1339    0.8182    0.3899    0.9104    0.9865    0.9865    0.9865    0.9865    0.9865    0.9865    0.9865    0.9865    0.9865
    0.1339    0.8986    0.3899    0.8626    1.0000    1.0000    1.0000    1.0000    1.0000    1.0000    1.0000    1.0000    1.0000
    0.2579    0.8630    0.6320    0.8462    0.9847    0.9847    0.9847    0.9847    0.9847    0.9847    0.9847    0.9847    0.9847
    0.2579    0.8190    0.6320    0.7778    0.9848    0.9848    0.9848    0.9848    0.9848    0.9848    0.9848    0.9848    0.9848
    0.2579    0.8836    0.6320    0.8750    0.9845    0.9845    0.9845    0.9845    0.9845    0.9845    0.9845    0.9845    0.9845
    0.2579    0.8309    0.6320    1.0000    0.9841    0.9841    0.9841    0.9841    0.9841    0.9841    0.9841    0.9841    0.9841
    0.2579    0.9185    0.6320    1.0000    1.0000    1.0000    1.0000    1.0000    1.0000    1.0000    1.0000    1.0000    1.0000
    0.3819    0.9065    0.8741    0.8333    0.9899    0.9899    0.9899    0.9899    0.9899    0.9899    0.9899    0.9899    0.9899
    0.3819    0.8913    0.8741    0.8765    1.0000    1.0000    1.0000    1.0000    1.0000    1.0000    1.0000    1.0000    1.0000
    0.3819    0.9527    0.8741    0.9171    0.9854    0.9854    0.9854    0.9854    0.9854    0.9854    0.9854    0.9854    0.9854
    0.3819    0.8437    0.8741    0.9152    0.9853    0.9853    0.9853    0.9853    0.9853    0.9853    0.9853    0.9853    0.9853
    0.3819    0.9385    0.8741    0.9416    1.0000    1.0000    1.0000    1.0000    1.0000    1.0000    1.0000    1.0000    1.0000];

% Growth probabilities; 
% 25 rows==5 sites (CC, GU, PA, RG, and RI) with 5 years (1995-1999) nested within site; columns==g3 through g11
g =[0.1111    0.1667    0.0909    0.1667    0.2174    0.2000    0.0435    0.1667    0.0556
    0.2143    0.1714    0.1000    0.1429    0.6250    0.6087    0.2917    0.4615    0.3529
    0.4167    0.0606    0.1250    0.1818    0.1818    0.1500    0.1250    0.1250    0.0667
    0.4286    0.1707    0.0417    0.2174    0.6667    0.3889    0.1724    0.1765    0.2857
    0.2500    0.1351    0.2258    0.1579    0.2857    0.1500    0.2581    0.2000    0.1333
         0         0         0    0.0417    0.0690    0.0833    0.0435    0.0800    0.0400
         0         0    0.2500    0.1600    0.6800    0.6000    0.4118    0.3636    0.3333
    0.5714    0.2500    0.3333    0.4400    0.1111    0.1600    0.2593    0.1500    0.2000
         0    0.1579    0.2778    0.3000    0.7857    0.4091    0.5385    0.3333    0.4167
    0.2222    0.0769    0.1333    0.2500    0.4000    0.2000    0.1600    0.1786    0.2083
    0.0110    0.0256         0    0.0400    0.1579    0.0857    0.0938    0.0667         0
    0.0120    0.0698    0.0500    0.1852    0.0588    0.0571    0.1515    0.0714         0
    0.0194    0.0870    0.1000    0.0417    0.2667    0.2813    0.2400    0.0769    0.1111
    0.0219    0.0600    0.0476    0.0476    0.4583    0.4545    0.3793    0.2414    0.1000
    0.0132    0.0204    0.0833    0.0833         0    0.0690    0.1389    0.1818         0
    0.1818    0.0833    0.2500    0.0500    0.1667    0.2917    0.0968         0         0
         0    0.0714    0.1250    0.0500    0.4074    0.2083    0.2727    0.0882    0.0435
    0.1429    0.0833    0.7500    0.2500    0.1875    0.3125    0.1667    0.2439    0.1481
    0.1667    0.0769    0.5000    0.3810    0.4118    0.3182    0.2333    0.2051    0.1379
         0    0.0769         0    0.0833    0.3889    0.2727    0.1000    0.1429    0.1563
    0.0286    0.0750    0.1765    0.1364    0.0769    0.1429    0.1304         0         0
    0.0780    0.0556    0.0870    0.0870    0.1220    0.1200    0.0435         0         0
    0.0241    0.0450    0.0455    0.0800    0.1167    0.2128    0.0976    0.0357    0.0714
    0.0288    0.0550    0.1600    0.1020    0.1875    0.2632    0.1707    0.1875    0.1818
    0.0310    0.0459    0.1020    0.1837    0.1250    0.1628    0.1282    0.0625         0];

% Reversion probabilities; 
% rows==5 sites (CC, GU, PA, RG, and RI) with 5 years (1995-1999) nested within site; columns==r4 through r12
